<ticker>,<date>,<time>,<open>,<high>,<low>,<close>,<volume>,<o/i> 
BANKNIFTY2281136400PE,07/21/2022,12:55:00,691.30,691.30,691.30,691.30,26,0
BANKNIFTY2281136400PE,07/21/2022,13:34:00,791.65,791.65,791.65,791.65,25,25
BANKNIFTY2281136400PE,07/22/2022,09:59:00,637.00,637.00,637.00,637.00,26,25
BANKNIFTY2281136400PE,07/22/2022,10:01:00,650.00,650.00,650.00,650.00,50,25
BANKNIFTY2281136400PE,07/22/2022,10:04:00,650.00,650.00,650.00,650.00,25,75
BANKNIFTY2281136400PE,07/22/2022,10:07:00,607.80,607.80,607.80,607.80,25,100
BANKNIFTY2281136400PE,07/22/2022,10:10:00,597.35,597.35,597.35,597.35,50,125
BANKNIFTY2281136400PE,07/22/2022,10:15:00,597.35,597.35,597.35,597.35,50,125
BANKNIFTY2281136400PE,07/22/2022,10:21:00,615.35,615.35,615.35,615.35,50,125
BANKNIFTY2281136400PE,07/22/2022,10:50:00,631.45,631.45,631.45,631.45,50,125
BANKNIFTY2281136400PE,07/22/2022,11:05:00,628.00,628.00,628.00,628.00,50,175
BANKNIFTY2281136400PE,07/22/2022,11:28:00,643.90,643.90,643.90,643.90,25,175
BANKNIFTY2281136400PE,07/22/2022,11:45:00,610.00,610.00,610.00,610.00,25,200
BANKNIFTY2281136400PE,07/22/2022,11:53:00,570.00,570.00,570.00,570.00,75,225
BANKNIFTY2281136400PE,07/22/2022,11:55:00,569.00,569.00,569.00,569.00,25,225
BANKNIFTY2281136400PE,07/22/2022,11:57:00,565.65,565.65,565.65,565.65,25,175
BANKNIFTY2281136400PE,07/22/2022,12:06:00,560.95,560.95,560.95,560.95,25,200
BANKNIFTY2281136400PE,07/22/2022,12:10:00,555.90,555.90,555.90,555.90,25,225
BANKNIFTY2281136400PE,07/22/2022,12:43:00,533.95,533.95,533.95,533.95,25,225
BANKNIFTY2281136400PE,07/22/2022,12:46:00,531.45,531.45,531.45,531.45,50,225
BANKNIFTY2281136400PE,07/22/2022,12:47:00,534.95,534.95,534.95,534.95,50,225
BANKNIFTY2281136400PE,07/22/2022,12:55:00,518.05,518.05,518.00,518.00,75,175
BANKNIFTY2281136400PE,07/22/2022,13:02:00,518.00,518.00,518.00,518.00,25,250
BANKNIFTY2281136400PE,07/22/2022,13:10:00,552.95,552.95,552.95,552.95,25,275
BANKNIFTY2281136400PE,07/22/2022,14:12:00,500.00,500.00,500.00,500.00,25,275
BANKNIFTY2281136400PE,07/22/2022,14:37:00,500.00,500.00,500.00,500.00,25,275
BANKNIFTY2281136400PE,07/22/2022,14:42:00,503.95,503.95,503.95,503.95,25,300
BANKNIFTY2281136400PE,07/22/2022,15:02:00,503.00,503.00,503.00,503.00,25,300
BANKNIFTY2281136400PE,07/22/2022,15:03:00,498.05,498.05,498.05,498.05,50,275
BANKNIFTY2281136400PE,07/22/2022,15:04:00,498.05,498.05,498.05,498.05,50,275
BANKNIFTY2281136400PE,07/22/2022,15:12:00,502.05,502.05,502.05,502.05,25,275
BANKNIFTY2281136400PE,07/25/2022,09:17:00,465.45,465.45,465.45,465.45,26,300
BANKNIFTY2281136400PE,07/25/2022,09:23:00,437.75,437.75,437.75,437.75,25,325
BANKNIFTY2281136400PE,07/25/2022,09:25:00,432.40,432.40,432.40,432.40,25,325
BANKNIFTY2281136400PE,07/25/2022,09:33:00,432.40,432.40,432.40,432.40,25,375
BANKNIFTY2281136400PE,07/25/2022,10:39:00,581.70,581.70,581.70,581.70,25,400
BANKNIFTY2281136400PE,07/25/2022,11:04:00,599.85,599.85,599.85,599.85,25,400
BANKNIFTY2281136400PE,07/25/2022,11:05:00,600.85,600.85,600.85,600.85,50,400
BANKNIFTY2281136400PE,07/25/2022,11:10:00,613.95,613.95,613.95,613.95,25,400
BANKNIFTY2281136400PE,07/25/2022,11:15:00,617.05,617.05,617.05,617.05,25,400
BANKNIFTY2281136400PE,07/25/2022,11:17:00,628.75,628.75,628.75,628.75,25,400
BANKNIFTY2281136400PE,07/25/2022,11:36:00,628.75,628.75,628.75,628.75,25,400
BANKNIFTY2281136400PE,07/25/2022,11:41:00,602.05,602.05,602.05,602.05,25,400
BANKNIFTY2281136400PE,07/25/2022,11:54:00,592.00,592.00,592.00,592.00,75,400
BANKNIFTY2281136400PE,07/25/2022,11:55:00,592.00,592.00,592.00,592.00,225,400
BANKNIFTY2281136400PE,07/25/2022,12:06:00,604.00,604.00,604.00,604.00,25,625
BANKNIFTY2281136400PE,07/25/2022,12:13:00,610.95,610.95,610.95,610.95,25,650
BANKNIFTY2281136400PE,07/25/2022,12:16:00,600.95,600.95,600.95,600.95,25,650
BANKNIFTY2281136400PE,07/25/2022,12:58:00,602.95,602.95,602.95,602.95,25,650
BANKNIFTY2281136400PE,07/25/2022,13:00:00,585.95,585.95,585.95,585.95,25,650
BANKNIFTY2281136400PE,07/25/2022,13:08:00,601.05,601.05,601.05,601.05,25,675
BANKNIFTY2281136400PE,07/25/2022,13:13:00,570.00,570.00,570.00,570.00,25,650
BANKNIFTY2281136400PE,07/25/2022,13:16:00,540.00,540.00,540.00,540.00,25,625
BANKNIFTY2281136400PE,07/25/2022,13:22:00,560.00,560.00,560.00,560.00,25,650
BANKNIFTY2281136400PE,07/25/2022,13:23:00,568.25,568.25,568.25,568.25,25,650
BANKNIFTY2281136400PE,07/25/2022,13:26:00,565.00,565.00,565.00,565.00,125,650
BANKNIFTY2281136400PE,07/25/2022,13:33:00,600.00,600.00,600.00,600.00,25,775
BANKNIFTY2281136400PE,07/25/2022,13:40:00,587.95,587.95,587.95,587.95,25,750
BANKNIFTY2281136400PE,07/25/2022,13:54:00,570.00,570.00,570.00,570.00,25,775
BANKNIFTY2281136400PE,07/25/2022,14:05:00,550.00,550.00,550.00,550.00,25,775
BANKNIFTY2281136400PE,07/25/2022,14:10:00,513.60,513.60,513.60,513.60,25,800
BANKNIFTY2281136400PE,07/25/2022,14:16:00,500.10,500.10,500.10,500.10,100,800
BANKNIFTY2281136400PE,07/25/2022,14:22:00,500.10,500.10,500.10,500.10,75,800
BANKNIFTY2281136400PE,07/25/2022,14:31:00,464.20,467.15,464.20,467.15,50,850
BANKNIFTY2281136400PE,07/25/2022,14:39:00,474.45,474.45,474.45,474.45,25,875
BANKNIFTY2281136400PE,07/25/2022,14:51:00,474.45,474.45,474.45,474.45,25,875
BANKNIFTY2281136400PE,07/25/2022,14:53:00,471.05,471.05,471.05,471.05,25,875
BANKNIFTY2281136400PE,07/25/2022,15:01:00,497.45,497.45,497.45,497.45,125,875
BANKNIFTY2281136400PE,07/25/2022,15:19:00,512.05,512.05,512.05,512.05,25,775
BANKNIFTY2281136400PE,07/25/2022,15:23:00,536.40,536.40,536.40,536.40,25,775
BANKNIFTY2281136400PE,07/25/2022,15:25:00,536.00,537.30,535.20,535.20,125,750
BANKNIFTY2281136400PE,07/25/2022,15:26:00,536.30,536.30,536.30,536.30,25,750
BANKNIFTY2281136400PE,07/26/2022,09:17:00,570.05,578.00,570.05,578.00,51,675
BANKNIFTY2281136400PE,07/26/2022,09:19:00,578.00,578.00,578.00,578.00,25,675
BANKNIFTY2281136400PE,07/26/2022,09:21:00,576.95,576.95,576.95,576.95,25,675
BANKNIFTY2281136400PE,07/26/2022,09:22:00,572.00,572.00,572.00,572.00,25,675
BANKNIFTY2281136400PE,07/26/2022,09:24:00,559.35,559.35,559.35,559.35,25,675
BANKNIFTY2281136400PE,07/26/2022,09:27:00,559.35,559.35,559.35,559.35,25,650
BANKNIFTY2281136400PE,07/26/2022,09:31:00,578.10,578.10,578.10,578.10,25,650
BANKNIFTY2281136400PE,07/26/2022,09:45:00,588.05,588.05,588.05,588.05,50,675
BANKNIFTY2281136400PE,07/26/2022,09:57:00,608.95,608.95,608.95,608.95,25,675
BANKNIFTY2281136400PE,07/26/2022,09:58:00,610.00,612.35,610.00,612.00,175,675
BANKNIFTY2281136400PE,07/26/2022,09:59:00,609.00,609.00,609.00,609.00,50,675
BANKNIFTY2281136400PE,07/26/2022,10:00:00,614.00,614.00,614.00,614.00,25,850
BANKNIFTY2281136400PE,07/26/2022,10:01:00,614.00,614.95,613.15,614.95,75,850
BANKNIFTY2281136400PE,07/26/2022,10:02:00,624.95,624.95,624.95,624.95,50,950
BANKNIFTY2281136400PE,07/26/2022,10:03:00,624.20,628.00,624.20,628.00,200,950
BANKNIFTY2281136400PE,07/26/2022,10:06:00,628.00,628.00,628.00,628.00,150,1175
BANKNIFTY2281136400PE,07/26/2022,10:07:00,632.95,632.95,632.95,632.95,25,1175
BANKNIFTY2281136400PE,07/26/2022,10:10:00,640.00,640.00,640.00,640.00,25,1050
BANKNIFTY2281136400PE,07/26/2022,10:12:00,640.00,640.00,640.00,640.00,25,1075
BANKNIFTY2281136400PE,07/26/2022,10:13:00,639.95,639.95,639.95,639.95,25,1075
BANKNIFTY2281136400PE,07/26/2022,10:14:00,640.95,640.95,640.95,640.95,25,1075
BANKNIFTY2281136400PE,07/26/2022,10:15:00,648.00,648.00,640.00,644.00,150,1075
BANKNIFTY2281136400PE,07/26/2022,10:20:00,617.70,621.00,617.70,621.00,75,1250
BANKNIFTY2281136400PE,07/26/2022,10:22:00,618.00,618.00,618.00,618.00,25,1250
BANKNIFTY2281136400PE,07/26/2022,10:24:00,602.70,602.70,602.70,602.70,25,1300
BANKNIFTY2281136400PE,07/26/2022,10:25:00,629.80,629.80,629.80,629.80,25,1300
BANKNIFTY2281136400PE,07/26/2022,10:27:00,637.00,637.00,637.00,637.00,75,1300
BANKNIFTY2281136400PE,07/26/2022,10:28:00,636.95,636.95,636.95,636.95,25,1300
BANKNIFTY2281136400PE,07/26/2022,10:30:00,648.95,650.95,648.95,648.95,250,1400
BANKNIFTY2281136400PE,07/26/2022,10:31:00,648.95,648.95,648.95,648.95,100,1400
BANKNIFTY2281136400PE,07/26/2022,10:32:00,657.00,657.00,657.00,657.00,50,1425
BANKNIFTY2281136400PE,07/26/2022,10:33:00,650.05,650.05,650.05,650.05,25,1425
BANKNIFTY2281136400PE,07/26/2022,10:34:00,664.95,664.95,654.05,654.05,100,1425
BANKNIFTY2281136400PE,07/26/2022,10:35:00,655.00,656.00,655.00,656.00,175,1500
BANKNIFTY2281136400PE,07/26/2022,10:36:00,651.05,661.95,651.05,661.95,50,1500
BANKNIFTY2281136400PE,07/26/2022,10:38:00,644.05,644.05,644.05,644.05,50,1525
BANKNIFTY2281136400PE,07/26/2022,10:39:00,643.80,651.95,643.80,651.95,50,1525
BANKNIFTY2281136400PE,07/26/2022,10:41:00,634.10,634.10,634.10,634.10,50,1525
BANKNIFTY2281136400PE,07/26/2022,10:42:00,637.95,637.95,637.95,637.95,25,1525
BANKNIFTY2281136400PE,07/26/2022,10:43:00,637.00,641.75,637.00,641.75,100,1525
BANKNIFTY2281136400PE,07/26/2022,10:44:00,653.50,653.50,653.50,653.50,25,1525
BANKNIFTY2281136400PE,07/26/2022,10:46:00,646.90,651.00,644.75,644.75,150,1500
BANKNIFTY2281136400PE,07/26/2022,10:47:00,648.95,648.95,639.00,639.00,125,1500
BANKNIFTY2281136400PE,07/26/2022,10:48:00,632.45,632.45,632.45,632.45,25,1475
BANKNIFTY2281136400PE,07/26/2022,10:49:00,639.00,639.00,639.00,639.00,25,1475
BANKNIFTY2281136400PE,07/26/2022,10:54:00,627.50,627.50,627.50,627.50,25,1475
BANKNIFTY2281136400PE,07/26/2022,10:55:00,623.80,623.80,623.80,623.80,25,1475
BANKNIFTY2281136400PE,07/26/2022,10:58:00,617.30,617.30,617.30,617.30,25,1475
BANKNIFTY2281136400PE,07/26/2022,11:00:00,610.45,610.45,610.45,610.45,25,1450
BANKNIFTY2281136400PE,07/26/2022,11:01:00,621.95,621.95,621.40,621.40,50,1450
BANKNIFTY2281136400PE,07/26/2022,11:03:00,615.05,615.05,615.05,615.05,25,1425
BANKNIFTY2281136400PE,07/26/2022,11:09:00,646.60,646.60,646.60,646.60,25,1425
BANKNIFTY2281136400PE,07/26/2022,11:10:00,645.30,645.30,645.30,645.30,25,1425
BANKNIFTY2281136400PE,07/26/2022,11:11:00,649.65,649.65,643.80,643.80,525,1425
BANKNIFTY2281136400PE,07/26/2022,11:13:00,649.00,651.35,649.00,651.35,125,1925
BANKNIFTY2281136400PE,07/26/2022,11:14:00,648.00,648.00,648.00,648.00,100,1825
BANKNIFTY2281136400PE,07/26/2022,11:15:00,648.00,648.00,648.00,648.00,150,1825
BANKNIFTY2281136400PE,07/26/2022,11:17:00,649.00,649.00,644.00,644.00,225,1825
BANKNIFTY2281136400PE,07/26/2022,11:20:00,632.00,632.00,632.00,632.00,25,2250
BANKNIFTY2281136400PE,07/26/2022,11:25:00,630.00,630.00,630.00,630.00,200,2225
BANKNIFTY2281136400PE,07/26/2022,11:28:00,633.00,633.00,633.00,633.00,250,2425
BANKNIFTY2281136400PE,07/26/2022,11:32:00,624.95,624.95,616.25,616.25,50,2700
BANKNIFTY2281136400PE,07/26/2022,11:33:00,616.65,616.65,615.35,615.35,50,2700
BANKNIFTY2281136400PE,07/26/2022,11:34:00,605.30,609.65,600.80,609.65,75,2700
BANKNIFTY2281136400PE,07/26/2022,11:35:00,609.65,609.65,609.65,609.65,25,2700
BANKNIFTY2281136400PE,07/26/2022,11:36:00,610.00,610.00,606.10,606.10,275,2625
BANKNIFTY2281136400PE,07/26/2022,11:38:00,602.95,606.00,602.95,606.00,275,2625
BANKNIFTY2281136400PE,07/26/2022,11:45:00,615.05,615.05,615.05,615.05,75,3150
BANKNIFTY2281136400PE,07/26/2022,11:56:00,587.40,590.45,587.40,590.45,1000,3075
BANKNIFTY2281136400PE,07/26/2022,11:58:00,584.90,586.80,584.90,586.80,50,3625
BANKNIFTY2281136400PE,07/26/2022,11:59:00,587.35,587.35,587.35,587.35,25,3625
BANKNIFTY2281136400PE,07/26/2022,12:01:00,572.75,573.50,572.75,573.50,75,3625
BANKNIFTY2281136400PE,07/26/2022,12:02:00,565.10,580.00,565.10,580.00,650,3550
BANKNIFTY2281136400PE,07/26/2022,12:12:00,594.95,594.95,594.95,594.95,25,3525
BANKNIFTY2281136400PE,07/26/2022,12:15:00,597.95,597.95,597.95,597.95,25,3550
BANKNIFTY2281136400PE,07/26/2022,12:21:00,590.95,590.95,590.95,590.95,25,3575
BANKNIFTY2281136400PE,07/26/2022,12:23:00,592.90,592.90,584.50,584.50,50,3625
BANKNIFTY2281136400PE,07/26/2022,12:24:00,584.00,584.30,584.00,584.30,75,3625
BANKNIFTY2281136400PE,07/26/2022,12:28:00,596.95,596.95,596.95,596.95,25,3625
BANKNIFTY2281136400PE,07/26/2022,12:29:00,599.80,605.00,599.80,605.00,1025,3625
BANKNIFTY2281136400PE,07/26/2022,12:30:00,603.85,603.85,591.95,591.95,125,2625
BANKNIFTY2281136400PE,07/26/2022,12:31:00,591.00,591.00,566.85,570.65,250,2625
BANKNIFTY2281136400PE,07/26/2022,12:33:00,575.95,575.95,575.95,575.95,25,2600
BANKNIFTY2281136400PE,07/26/2022,12:45:00,588.00,588.00,588.00,588.00,50,2625
BANKNIFTY2281136400PE,07/26/2022,12:51:00,575.65,575.65,575.65,575.65,25,2675
BANKNIFTY2281136400PE,07/26/2022,12:54:00,585.60,585.60,585.60,585.60,25,2650
BANKNIFTY2281136400PE,07/26/2022,12:58:00,581.00,581.00,581.00,581.00,250,2650
BANKNIFTY2281136400PE,07/26/2022,12:59:00,590.95,590.95,590.95,590.95,25,2650
BANKNIFTY2281136400PE,07/26/2022,13:01:00,577.30,577.30,577.30,577.30,25,2925
BANKNIFTY2281136400PE,07/26/2022,13:04:00,597.60,600.00,597.60,600.00,275,2900
BANKNIFTY2281136400PE,07/26/2022,13:06:00,611.00,611.00,609.20,609.20,75,2775
BANKNIFTY2281136400PE,07/26/2022,13:08:00,608.90,608.90,598.85,598.85,50,2775
BANKNIFTY2281136400PE,07/26/2022,13:21:00,587.00,587.00,587.00,587.00,250,2800
BANKNIFTY2281136400PE,07/26/2022,13:24:00,595.00,595.00,595.00,595.00,25,3050
BANKNIFTY2281136400PE,07/26/2022,13:25:00,595.00,595.00,595.00,595.00,225,3050
BANKNIFTY2281136400PE,07/26/2022,13:27:00,578.55,578.55,578.55,578.55,75,2825
BANKNIFTY2281136400PE,07/26/2022,13:28:00,578.55,578.55,578.55,578.55,25,2825
BANKNIFTY2281136400PE,07/26/2022,13:29:00,576.10,576.10,576.10,576.10,25,2825
BANKNIFTY2281136400PE,07/26/2022,13:30:00,575.00,575.00,573.85,573.85,275,3075
BANKNIFTY2281136400PE,07/26/2022,13:34:00,587.05,587.05,587.05,587.05,25,3075
BANKNIFTY2281136400PE,07/26/2022,13:38:00,594.95,595.00,594.95,595.00,325,3075
BANKNIFTY2281136400PE,07/26/2022,13:39:00,594.95,597.45,594.95,597.45,400,2825
BANKNIFTY2281136400PE,07/26/2022,13:42:00,604.95,605.00,604.00,604.00,550,2625
BANKNIFTY2281136400PE,07/26/2022,13:43:00,597.25,597.25,597.25,597.25,25,2625
BANKNIFTY2281136400PE,07/26/2022,13:46:00,597.25,597.25,597.25,597.25,25,2275
BANKNIFTY2281136400PE,07/26/2022,13:47:00,597.80,605.00,597.80,605.00,100,2275
BANKNIFTY2281136400PE,07/26/2022,13:48:00,620.00,620.00,614.05,614.05,125,2225
BANKNIFTY2281136400PE,07/26/2022,13:49:00,634.95,634.95,634.95,634.95,25,2225
BANKNIFTY2281136400PE,07/26/2022,13:50:00,628.20,630.85,622.50,622.50,200,2225
BANKNIFTY2281136400PE,07/26/2022,13:51:00,643.65,643.65,640.85,640.85,75,2100
BANKNIFTY2281136400PE,07/26/2022,13:52:00,630.10,630.10,630.10,630.10,25,2100
BANKNIFTY2281136400PE,07/26/2022,13:54:00,637.95,637.95,637.95,637.95,25,2175
BANKNIFTY2281136400PE,07/26/2022,13:55:00,634.95,634.95,634.95,634.95,25,2175
BANKNIFTY2281136400PE,07/26/2022,13:57:00,627.90,627.90,627.90,627.90,25,2175
BANKNIFTY2281136400PE,07/26/2022,13:58:00,634.35,634.35,634.35,634.35,25,2225
BANKNIFTY2281136400PE,07/26/2022,14:00:00,641.00,641.00,641.00,641.00,875,2250
BANKNIFTY2281136400PE,07/26/2022,14:03:00,634.05,634.05,634.05,634.05,100,2250
BANKNIFTY2281136400PE,07/26/2022,14:04:00,625.00,625.00,614.25,614.25,75,3000
BANKNIFTY2281136400PE,07/26/2022,14:05:00,624.95,624.95,624.95,624.95,75,3000
BANKNIFTY2281136400PE,07/26/2022,14:07:00,627.95,627.95,625.95,625.95,100,3100
BANKNIFTY2281136400PE,07/26/2022,14:08:00,630.00,630.00,625.90,625.90,175,3100
BANKNIFTY2281136400PE,07/26/2022,14:10:00,625.90,625.90,625.90,625.90,25,3300
BANKNIFTY2281136400PE,07/26/2022,14:12:00,603.25,608.55,603.25,608.55,50,3300
BANKNIFTY2281136400PE,07/26/2022,14:13:00,609.00,609.00,609.00,609.00,25,3300
BANKNIFTY2281136400PE,07/26/2022,14:14:00,595.40,595.40,594.95,594.95,75,3300
BANKNIFTY2281136400PE,07/26/2022,14:15:00,584.70,601.25,584.70,601.25,825,3300
BANKNIFTY2281136400PE,07/26/2022,14:18:00,587.95,587.95,587.95,587.95,50,3300
BANKNIFTY2281136400PE,07/26/2022,14:19:00,590.25,590.25,590.25,590.25,25,2575
BANKNIFTY2281136400PE,07/26/2022,14:21:00,583.60,583.60,583.60,583.60,25,2575
BANKNIFTY2281136400PE,07/26/2022,14:22:00,593.00,593.00,593.00,593.00,100,2575
BANKNIFTY2281136400PE,07/26/2022,14:23:00,601.95,601.95,601.95,601.95,50,2575
BANKNIFTY2281136400PE,07/26/2022,14:24:00,609.00,609.00,609.00,609.00,250,2675
BANKNIFTY2281136400PE,07/26/2022,14:26:00,612.40,613.95,610.05,610.05,175,2675
BANKNIFTY2281136400PE,07/26/2022,14:28:00,620.00,621.45,619.00,621.45,350,2825
BANKNIFTY2281136400PE,07/26/2022,14:29:00,624.05,624.05,623.45,623.45,75,2825
BANKNIFTY2281136400PE,07/26/2022,14:30:00,618.45,618.45,615.00,615.00,50,2575
BANKNIFTY2281136400PE,07/26/2022,14:31:00,613.50,613.50,613.50,613.50,50,2575
BANKNIFTY2281136400PE,07/26/2022,14:35:00,600.00,600.75,597.45,597.45,175,2575
BANKNIFTY2281136400PE,07/26/2022,14:38:00,611.25,611.25,611.25,611.25,25,2700
BANKNIFTY2281136400PE,07/26/2022,14:39:00,618.95,618.95,618.95,618.95,25,2675
BANKNIFTY2281136400PE,07/26/2022,14:40:00,619.00,619.00,619.00,619.00,75,2675
BANKNIFTY2281136400PE,07/26/2022,14:43:00,619.00,621.25,613.80,618.35,300,2600
BANKNIFTY2281136400PE,07/26/2022,14:45:00,623.30,623.30,623.30,623.30,25,2825
BANKNIFTY2281136400PE,07/26/2022,14:46:00,623.10,623.10,623.10,623.10,50,2825
BANKNIFTY2281136400PE,07/26/2022,14:47:00,629.60,629.60,628.00,628.00,175,2825
BANKNIFTY2281136400PE,07/26/2022,14:48:00,628.95,628.95,628.95,628.95,25,2825
BANKNIFTY2281136400PE,07/26/2022,14:49:00,621.75,621.75,621.75,621.75,25,2975
BANKNIFTY2281136400PE,07/26/2022,14:50:00,624.95,626.65,624.95,626.65,100,2975
BANKNIFTY2281136400PE,07/26/2022,14:51:00,636.85,636.85,630.90,630.90,100,2975
BANKNIFTY2281136400PE,07/26/2022,14:52:00,633.10,633.10,625.35,630.95,425,2925
BANKNIFTY2281136400PE,07/26/2022,14:53:00,622.75,622.75,621.40,621.40,50,2925
BANKNIFTY2281136400PE,07/26/2022,14:54:00,621.00,621.00,616.20,616.20,325,3525
BANKNIFTY2281136400PE,07/26/2022,14:55:00,614.30,614.35,614.30,614.35,75,3525
BANKNIFTY2281136400PE,07/26/2022,14:56:00,609.95,609.95,609.95,609.95,25,3525
BANKNIFTY2281136400PE,07/26/2022,14:59:00,613.95,613.95,613.95,613.95,25,3500
BANKNIFTY2281136400PE,07/26/2022,15:00:00,623.45,623.45,619.50,619.50,150,3500
BANKNIFTY2281136400PE,07/26/2022,15:01:00,621.25,621.25,621.25,621.25,50,3500
BANKNIFTY2281136400PE,07/26/2022,15:02:00,618.85,623.25,616.25,623.25,225,3500
BANKNIFTY2281136400PE,07/26/2022,15:03:00,629.00,629.00,623.50,623.50,75,3475
BANKNIFTY2281136400PE,07/26/2022,15:06:00,621.50,624.40,621.50,624.40,50,3500
BANKNIFTY2281136400PE,07/26/2022,15:07:00,620.25,620.25,615.55,615.55,75,3500
BANKNIFTY2281136400PE,07/26/2022,15:10:00,617.70,619.80,617.70,619.80,75,3500
BANKNIFTY2281136400PE,07/26/2022,15:11:00,620.45,620.45,618.70,618.70,50,3500
BANKNIFTY2281136400PE,07/26/2022,15:13:00,630.30,630.30,626.70,626.70,75,3600
BANKNIFTY2281136400PE,07/26/2022,15:14:00,634.95,643.75,634.95,643.75,300,3600
BANKNIFTY2281136400PE,07/26/2022,15:15:00,641.75,654.95,641.75,647.55,650,3125
BANKNIFTY2281136400PE,07/26/2022,15:16:00,647.05,652.00,647.05,652.00,350,3125
BANKNIFTY2281136400PE,07/26/2022,15:17:00,647.00,648.60,636.90,639.30,1100,3125
BANKNIFTY2281136400PE,07/26/2022,15:18:00,641.95,641.95,641.95,641.95,150,4375
BANKNIFTY2281136400PE,07/26/2022,15:19:00,643.50,649.75,643.50,645.80,100,4375
BANKNIFTY2281136400PE,07/26/2022,15:20:00,644.55,646.05,644.55,646.05,525,4375
BANKNIFTY2281136400PE,07/26/2022,15:21:00,646.00,646.00,639.00,643.30,450,4600
BANKNIFTY2281136400PE,07/26/2022,15:22:00,645.90,649.00,642.05,642.05,300,4600
BANKNIFTY2281136400PE,07/26/2022,15:23:00,644.05,648.30,644.05,648.30,75,4600
BANKNIFTY2281136400PE,07/26/2022,15:24:00,644.60,651.40,644.60,651.40,50,4700
BANKNIFTY2281136400PE,07/26/2022,15:25:00,650.00,650.00,650.00,650.00,200,4700
BANKNIFTY2281136400PE,07/26/2022,15:26:00,645.00,645.60,640.05,640.05,75,4700
BANKNIFTY2281136400PE,07/26/2022,15:27:00,647.70,647.95,644.30,647.95,100,4875
BANKNIFTY2281136400PE,07/26/2022,15:28:00,647.70,651.90,647.70,651.90,550,4875
BANKNIFTY2281136400PE,07/26/2022,15:29:00,652.00,652.00,652.00,652.00,100,4875
BANKNIFTY2281136400PE,07/27/2022,09:15:00,666.25,666.25,630.95,648.00,326,4400
BANKNIFTY2281136400PE,07/27/2022,09:16:00,653.40,665.40,653.20,653.20,550,4400
BANKNIFTY2281136400PE,07/27/2022,09:17:00,642.00,642.00,615.15,615.15,575,5400
BANKNIFTY2281136400PE,07/27/2022,09:18:00,615.15,630.00,615.15,630.00,425,5400
BANKNIFTY2281136400PE,07/27/2022,09:19:00,641.15,641.15,641.15,641.15,100,5400
BANKNIFTY2281136400PE,07/27/2022,09:20:00,631.00,636.95,631.00,636.95,425,5500
BANKNIFTY2281136400PE,07/27/2022,09:21:00,636.00,636.00,636.00,636.00,25,5500
BANKNIFTY2281136400PE,07/27/2022,09:22:00,648.05,652.80,648.05,652.80,150,5500
BANKNIFTY2281136400PE,07/27/2022,09:23:00,657.15,670.00,657.15,670.00,925,5875
BANKNIFTY2281136400PE,07/27/2022,09:24:00,670.00,681.20,669.90,681.20,575,5875
BANKNIFTY2281136400PE,07/27/2022,09:25:00,681.20,682.85,681.20,682.85,100,5875
BANKNIFTY2281136400PE,07/27/2022,09:26:00,669.60,680.00,669.60,674.40,1050,3750
BANKNIFTY2281136400PE,07/27/2022,09:27:00,677.00,677.00,675.00,675.00,100,3750
BANKNIFTY2281136400PE,07/27/2022,09:28:00,670.35,670.35,670.35,670.35,25,3750
BANKNIFTY2281136400PE,07/27/2022,09:29:00,690.00,690.00,690.00,690.00,100,3625
BANKNIFTY2281136400PE,07/27/2022,09:31:00,690.00,690.00,690.00,690.00,50,3625
BANKNIFTY2281136400PE,07/27/2022,09:32:00,679.00,679.00,679.00,679.00,25,3625
BANKNIFTY2281136400PE,07/27/2022,09:33:00,676.35,676.35,675.00,675.00,150,3650
BANKNIFTY2281136400PE,07/27/2022,09:34:00,675.00,675.00,675.00,675.00,300,3650
BANKNIFTY2281136400PE,07/27/2022,09:35:00,669.00,669.00,669.00,669.00,25,3650
BANKNIFTY2281136400PE,07/27/2022,09:38:00,658.00,658.00,658.00,658.00,100,3250
BANKNIFTY2281136400PE,07/27/2022,09:39:00,662.35,662.35,662.35,662.35,25,3325
BANKNIFTY2281136400PE,07/27/2022,09:41:00,675.00,675.00,675.00,675.00,100,3325
BANKNIFTY2281136400PE,07/27/2022,09:42:00,680.00,680.00,680.00,680.00,50,3300
BANKNIFTY2281136400PE,07/27/2022,09:45:00,670.85,670.85,670.85,670.85,25,3325
BANKNIFTY2281136400PE,07/27/2022,09:47:00,662.00,663.00,662.00,663.00,75,3325
BANKNIFTY2281136400PE,07/27/2022,09:49:00,659.80,659.80,659.80,659.80,25,3325
BANKNIFTY2281136400PE,07/27/2022,09:50:00,655.00,655.00,639.95,639.95,125,3400
BANKNIFTY2281136400PE,07/27/2022,09:51:00,631.25,631.25,631.25,631.25,25,3400
BANKNIFTY2281136400PE,07/27/2022,09:52:00,630.00,630.00,617.60,617.60,75,3400
BANKNIFTY2281136400PE,07/27/2022,09:53:00,623.70,626.75,620.00,626.75,75,3400
BANKNIFTY2281136400PE,07/27/2022,09:55:00,624.95,624.95,615.60,615.60,175,3400
BANKNIFTY2281136400PE,07/27/2022,09:56:00,616.35,620.40,616.35,620.40,75,3500
BANKNIFTY2281136400PE,07/27/2022,09:59:00,620.90,620.90,620.90,620.90,25,3500
BANKNIFTY2281136400PE,07/27/2022,10:00:00,621.50,621.50,609.70,609.70,100,3500
BANKNIFTY2281136400PE,07/27/2022,10:01:00,609.70,629.00,609.70,627.95,150,3500
BANKNIFTY2281136400PE,07/27/2022,10:02:00,624.95,624.95,624.95,624.95,25,3500
BANKNIFTY2281136400PE,07/27/2022,10:03:00,610.65,610.65,599.00,599.00,175,3675
BANKNIFTY2281136400PE,07/27/2022,10:05:00,585.45,585.45,581.85,581.85,50,3675
BANKNIFTY2281136400PE,07/27/2022,10:06:00,581.85,593.00,581.85,593.00,125,3750
BANKNIFTY2281136400PE,07/27/2022,10:07:00,586.85,586.85,586.85,586.85,25,3750
BANKNIFTY2281136400PE,07/27/2022,10:08:00,585.05,585.05,585.05,585.05,25,3750
BANKNIFTY2281136400PE,07/27/2022,10:09:00,593.35,593.35,585.00,585.00,125,3825
BANKNIFTY2281136400PE,07/27/2022,10:10:00,577.60,577.60,577.60,577.60,25,3825
BANKNIFTY2281136400PE,07/27/2022,10:11:00,570.05,570.05,570.05,570.05,100,3825
BANKNIFTY2281136400PE,07/27/2022,10:12:00,570.00,570.00,570.00,570.00,25,3950
BANKNIFTY2281136400PE,07/27/2022,10:13:00,570.00,580.00,570.00,573.65,150,3950
BANKNIFTY2281136400PE,07/27/2022,10:14:00,574.75,574.75,567.15,567.15,50,3950
BANKNIFTY2281136400PE,07/27/2022,10:15:00,560.60,560.60,560.60,560.60,50,4075
BANKNIFTY2281136400PE,07/27/2022,10:18:00,563.75,567.75,563.75,567.75,225,4100
BANKNIFTY2281136400PE,07/27/2022,10:19:00,550.90,550.90,550.05,550.05,125,4100
BANKNIFTY2281136400PE,07/27/2022,10:20:00,550.05,550.05,550.05,550.05,25,4100
BANKNIFTY2281136400PE,07/27/2022,10:22:00,579.20,579.20,579.20,579.20,25,4250
BANKNIFTY2281136400PE,07/27/2022,10:23:00,570.00,570.00,570.00,570.00,100,4225
BANKNIFTY2281136400PE,07/27/2022,10:24:00,561.20,561.20,561.20,561.20,75,4225
BANKNIFTY2281136400PE,07/27/2022,10:28:00,572.25,572.25,572.25,572.25,25,4225
BANKNIFTY2281136400PE,07/27/2022,10:32:00,569.60,571.65,569.60,571.65,75,4275
BANKNIFTY2281136400PE,07/27/2022,10:34:00,580.00,580.00,580.00,580.00,350,4225
BANKNIFTY2281136400PE,07/27/2022,10:35:00,583.00,583.00,580.00,580.00,150,4550
BANKNIFTY2281136400PE,07/27/2022,10:40:00,561.35,561.35,561.35,561.35,25,4650
BANKNIFTY2281136400PE,07/27/2022,10:42:00,550.00,550.00,550.00,550.00,25,4650
BANKNIFTY2281136400PE,07/27/2022,10:45:00,550.00,550.00,550.00,550.00,25,4675
BANKNIFTY2281136400PE,07/27/2022,10:46:00,540.00,540.00,540.00,540.00,50,4675
BANKNIFTY2281136400PE,07/27/2022,10:47:00,538.00,538.00,538.00,538.00,50,4675
BANKNIFTY2281136400PE,07/27/2022,10:48:00,530.30,530.30,530.30,530.30,225,4675
BANKNIFTY2281136400PE,07/27/2022,10:49:00,535.55,535.55,535.55,535.55,25,4675
BANKNIFTY2281136400PE,07/27/2022,10:50:00,535.95,535.95,535.95,535.95,25,4675
BANKNIFTY2281136400PE,07/27/2022,10:51:00,543.25,543.25,543.25,543.25,25,4525
BANKNIFTY2281136400PE,07/27/2022,11:00:00,525.95,525.95,525.95,525.95,25,4525
BANKNIFTY2281136400PE,07/27/2022,11:01:00,520.00,520.00,520.00,520.00,50,4525
BANKNIFTY2281136400PE,07/27/2022,11:03:00,520.80,520.80,520.80,520.80,100,4550
BANKNIFTY2281136400PE,07/27/2022,11:06:00,532.70,532.70,532.70,532.70,75,4475
BANKNIFTY2281136400PE,07/27/2022,11:11:00,548.45,548.45,548.45,548.45,50,4475
BANKNIFTY2281136400PE,07/27/2022,11:12:00,543.15,543.15,543.15,543.15,25,4525
BANKNIFTY2281136400PE,07/27/2022,11:13:00,548.85,548.85,548.85,548.85,25,4525
BANKNIFTY2281136400PE,07/27/2022,11:14:00,546.35,546.35,541.60,541.60,75,4525
BANKNIFTY2281136400PE,07/27/2022,11:17:00,545.10,545.10,545.10,545.10,50,4525
BANKNIFTY2281136400PE,07/27/2022,11:22:00,535.40,535.40,535.40,535.40,25,4625
BANKNIFTY2281136400PE,07/27/2022,11:29:00,541.25,541.25,541.25,541.25,50,4600
BANKNIFTY2281136400PE,07/27/2022,11:34:00,537.80,537.80,537.80,537.80,25,4600
BANKNIFTY2281136400PE,07/27/2022,11:35:00,532.45,532.45,532.45,532.45,100,4600
BANKNIFTY2281136400PE,07/27/2022,11:41:00,529.35,529.35,529.35,529.35,25,4675
BANKNIFTY2281136400PE,07/27/2022,11:43:00,529.00,529.00,529.00,529.00,75,4675
BANKNIFTY2281136400PE,07/27/2022,11:45:00,506.00,506.00,506.00,506.00,25,4750
BANKNIFTY2281136400PE,07/27/2022,11:47:00,506.00,506.00,506.00,506.00,25,4750
BANKNIFTY2281136400PE,07/27/2022,11:54:00,527.20,527.20,526.45,526.45,50,4700
BANKNIFTY2281136400PE,07/27/2022,12:10:00,532.60,532.60,532.60,532.60,25,4700
BANKNIFTY2281136400PE,07/27/2022,12:13:00,526.00,526.00,526.00,526.00,50,4700
BANKNIFTY2281136400PE,07/27/2022,12:19:00,534.60,534.60,534.60,534.60,75,4750
BANKNIFTY2281136400PE,07/27/2022,12:20:00,540.40,542.90,540.25,542.90,75,4750
BANKNIFTY2281136400PE,07/27/2022,12:21:00,531.15,531.15,531.15,531.15,25,4700
BANKNIFTY2281136400PE,07/27/2022,12:22:00,535.95,535.95,535.95,535.95,100,4700
BANKNIFTY2281136400PE,07/27/2022,12:29:00,550.95,550.95,550.95,550.95,25,4800
BANKNIFTY2281136400PE,07/27/2022,12:36:00,522.05,522.05,522.05,522.05,25,4775
BANKNIFTY2281136400PE,07/27/2022,12:40:00,514.50,514.50,514.50,514.50,100,4750
BANKNIFTY2281136400PE,07/27/2022,12:50:00,500.00,500.00,494.00,494.00,225,4700
BANKNIFTY2281136400PE,07/27/2022,12:52:00,494.00,494.00,494.00,494.00,50,4625
BANKNIFTY2281136400PE,07/27/2022,12:53:00,490.00,490.00,490.00,490.00,25,4625
BANKNIFTY2281136400PE,07/27/2022,12:54:00,480.60,480.60,480.35,480.35,50,4625
BANKNIFTY2281136400PE,07/27/2022,12:55:00,477.65,477.65,477.65,477.65,100,4625
BANKNIFTY2281136400PE,07/27/2022,12:56:00,487.50,487.50,487.50,487.50,50,4625
BANKNIFTY2281136400PE,07/27/2022,13:00:00,480.90,480.90,473.45,473.45,125,4750
BANKNIFTY2281136400PE,07/27/2022,13:01:00,473.45,473.45,473.45,473.45,25,4750
BANKNIFTY2281136400PE,07/27/2022,13:06:00,475.75,475.75,473.45,473.45,50,4800
BANKNIFTY2281136400PE,07/27/2022,13:07:00,475.00,475.00,475.00,475.00,100,4800
BANKNIFTY2281136400PE,07/27/2022,13:21:00,473.45,473.45,473.45,473.45,200,4875
BANKNIFTY2281136400PE,07/27/2022,13:23:00,480.45,480.45,480.45,480.45,25,4875
BANKNIFTY2281136400PE,07/27/2022,13:24:00,484.40,484.40,484.40,484.40,25,5050
BANKNIFTY2281136400PE,07/27/2022,13:35:00,468.45,468.45,468.45,468.45,25,5025
BANKNIFTY2281136400PE,07/27/2022,13:36:00,468.45,468.45,468.45,468.45,25,5000
BANKNIFTY2281136400PE,07/27/2022,13:40:00,476.75,476.75,476.75,476.75,25,4975
BANKNIFTY2281136400PE,07/27/2022,13:41:00,477.55,477.55,477.55,477.55,25,4975
BANKNIFTY2281136400PE,07/27/2022,13:47:00,494.15,494.15,494.15,494.15,25,4975
BANKNIFTY2281136400PE,07/27/2022,13:51:00,497.80,497.80,497.80,497.80,25,4975
BANKNIFTY2281136400PE,07/27/2022,13:52:00,498.05,500.00,498.05,500.00,125,4975
BANKNIFTY2281136400PE,07/27/2022,13:53:00,504.90,504.90,504.90,504.90,25,4975
BANKNIFTY2281136400PE,07/27/2022,13:57:00,495.25,495.25,495.25,495.25,25,4875
BANKNIFTY2281136400PE,07/27/2022,13:58:00,493.20,493.20,493.20,493.20,25,4875
BANKNIFTY2281136400PE,07/27/2022,14:05:00,488.70,488.70,488.70,488.70,25,4875
BANKNIFTY2281136400PE,07/27/2022,14:18:00,487.80,487.80,481.05,481.05,75,4875
BANKNIFTY2281136400PE,07/27/2022,14:21:00,460.05,460.05,460.05,460.05,25,4825
BANKNIFTY2281136400PE,07/27/2022,14:23:00,460.05,460.05,460.05,460.05,25,4825
BANKNIFTY2281136400PE,07/27/2022,14:25:00,472.15,472.15,472.15,472.15,50,4825
BANKNIFTY2281136400PE,07/27/2022,14:28:00,467.40,467.40,467.40,467.40,25,4850
BANKNIFTY2281136400PE,07/27/2022,14:36:00,467.25,467.25,467.25,467.25,25,4850
BANKNIFTY2281136400PE,07/27/2022,14:40:00,466.95,466.95,466.95,466.95,25,4850
BANKNIFTY2281136400PE,07/27/2022,14:44:00,472.20,472.20,472.20,472.20,25,4825
BANKNIFTY2281136400PE,07/27/2022,14:47:00,470.30,470.30,464.00,464.00,75,4850
BANKNIFTY2281136400PE,07/27/2022,14:48:00,472.35,472.35,472.35,472.35,50,4900
BANKNIFTY2281136400PE,07/27/2022,14:49:00,472.80,472.80,472.80,472.80,75,4900
BANKNIFTY2281136400PE,07/27/2022,14:50:00,471.70,471.70,471.70,471.70,25,4900
BANKNIFTY2281136400PE,07/27/2022,14:52:00,472.30,472.30,472.30,472.30,25,4900
BANKNIFTY2281136400PE,07/27/2022,14:57:00,469.90,469.90,462.90,462.90,50,4925
BANKNIFTY2281136400PE,07/27/2022,14:58:00,454.55,454.55,454.55,454.55,75,4925
BANKNIFTY2281136400PE,07/27/2022,15:00:00,451.05,451.05,451.05,451.05,50,4925
BANKNIFTY2281136400PE,07/27/2022,15:01:00,447.95,447.95,447.95,447.95,25,4875
BANKNIFTY2281136400PE,07/27/2022,15:03:00,444.90,444.90,444.90,444.90,25,4875
BANKNIFTY2281136400PE,07/27/2022,15:04:00,444.90,462.75,444.90,462.75,100,4875
BANKNIFTY2281136400PE,07/27/2022,15:05:00,460.45,460.45,459.55,459.55,50,4875
BANKNIFTY2281136400PE,07/27/2022,15:07:00,457.00,457.00,457.00,457.00,25,4900
BANKNIFTY2281136400PE,07/27/2022,15:10:00,454.00,454.00,454.00,454.00,25,4925
BANKNIFTY2281136400PE,07/27/2022,15:12:00,461.55,461.55,461.55,461.55,50,4925
BANKNIFTY2281136400PE,07/27/2022,15:15:00,450.50,450.50,450.50,450.50,75,4950
BANKNIFTY2281136400PE,07/27/2022,15:16:00,450.80,450.80,450.80,450.80,75,4875
BANKNIFTY2281136400PE,07/27/2022,15:18:00,458.60,458.60,458.60,458.60,25,4825
BANKNIFTY2281136400PE,07/27/2022,15:21:00,447.05,449.20,447.05,449.20,100,4800
BANKNIFTY2281136400PE,07/27/2022,15:26:00,449.20,449.20,449.20,449.20,25,4775
BANKNIFTY2281136400PE,07/27/2022,15:27:00,452.95,452.95,452.95,452.95,25,4775
BANKNIFTY2281136400PE,07/27/2022,15:28:00,448.15,448.15,448.15,448.15,25,4750
BANKNIFTY2281136400PE,07/27/2022,15:29:00,449.00,449.00,449.00,449.00,25,4750
BANKNIFTY2281136400PE,07/28/2022,09:15:00,294.25,294.25,285.20,285.20,202,4725
BANKNIFTY2281136400PE,07/28/2022,09:16:00,283.45,283.45,283.45,283.45,50,4725
BANKNIFTY2281136400PE,07/28/2022,09:17:00,281.15,281.15,269.40,269.40,675,4450
BANKNIFTY2281136400PE,07/28/2022,09:18:00,269.40,287.55,269.40,287.55,100,4450
BANKNIFTY2281136400PE,07/28/2022,09:20:00,280.00,282.85,279.50,282.85,300,4250
BANKNIFTY2281136400PE,07/28/2022,09:21:00,280.25,282.60,280.25,282.60,50,4250
BANKNIFTY2281136400PE,07/28/2022,09:22:00,282.40,284.70,280.80,280.80,125,4250
BANKNIFTY2281136400PE,07/28/2022,09:23:00,274.35,274.35,274.35,274.35,175,4250
BANKNIFTY2281136400PE,07/28/2022,09:24:00,278.70,280.75,278.70,280.75,75,4250
BANKNIFTY2281136400PE,07/28/2022,09:25:00,289.15,289.15,287.35,287.35,50,4250
BANKNIFTY2281136400PE,07/28/2022,09:26:00,280.20,280.20,280.20,280.20,25,4150
BANKNIFTY2281136400PE,07/28/2022,09:27:00,277.70,277.70,277.70,277.70,50,4150
BANKNIFTY2281136400PE,07/28/2022,09:28:00,275.00,279.55,275.00,279.55,150,4150
BANKNIFTY2281136400PE,07/28/2022,09:29:00,281.80,281.80,281.80,281.80,25,4125
BANKNIFTY2281136400PE,07/28/2022,09:30:00,280.00,280.00,276.35,276.35,150,4125
BANKNIFTY2281136400PE,07/28/2022,09:31:00,275.05,276.70,273.40,274.45,275,4125
BANKNIFTY2281136400PE,07/28/2022,09:32:00,276.30,278.55,274.45,278.10,250,3875
BANKNIFTY2281136400PE,07/28/2022,09:33:00,280.20,280.20,275.75,278.65,200,3875
BANKNIFTY2281136400PE,07/28/2022,09:34:00,277.00,277.00,277.00,277.00,50,3875
BANKNIFTY2281136400PE,07/28/2022,09:35:00,289.45,293.65,289.45,293.65,75,3825
BANKNIFTY2281136400PE,07/28/2022,09:38:00,294.30,294.30,294.30,294.30,25,3800
BANKNIFTY2281136400PE,07/28/2022,09:39:00,294.30,294.30,294.30,294.30,25,3800
BANKNIFTY2281136400PE,07/28/2022,09:40:00,294.90,295.15,294.90,295.15,50,3800
BANKNIFTY2281136400PE,07/28/2022,09:41:00,295.15,295.15,295.15,295.15,25,3800
BANKNIFTY2281136400PE,07/28/2022,09:43:00,294.90,297.20,294.90,297.20,125,3800
BANKNIFTY2281136400PE,07/28/2022,09:44:00,298.65,298.65,298.65,298.65,50,3800
BANKNIFTY2281136400PE,07/28/2022,09:45:00,297.85,298.00,297.05,297.05,175,3900
BANKNIFTY2281136400PE,07/28/2022,09:48:00,272.40,272.40,272.40,272.40,100,4000
BANKNIFTY2281136400PE,07/28/2022,09:50:00,270.55,270.65,270.55,270.65,125,4175
BANKNIFTY2281136400PE,07/28/2022,09:52:00,275.70,275.70,275.70,275.70,25,4175
BANKNIFTY2281136400PE,07/28/2022,09:53:00,275.70,275.70,275.70,275.70,100,4175
BANKNIFTY2281136400PE,07/28/2022,09:55:00,272.90,276.00,272.90,276.00,175,4175
BANKNIFTY2281136400PE,07/28/2022,09:56:00,276.00,276.00,276.00,276.00,25,4175
BANKNIFTY2281136400PE,07/28/2022,10:03:00,266.65,266.65,266.65,266.65,25,4050
BANKNIFTY2281136400PE,07/28/2022,10:07:00,264.35,264.35,264.35,264.35,25,4075
BANKNIFTY2281136400PE,07/28/2022,10:09:00,264.35,266.65,264.35,266.65,50,4075
BANKNIFTY2281136400PE,07/28/2022,10:10:00,264.75,268.70,264.75,268.70,125,4075
BANKNIFTY2281136400PE,07/28/2022,10:12:00,260.00,260.00,260.00,260.00,25,3950
BANKNIFTY2281136400PE,07/28/2022,10:16:00,260.00,260.00,260.00,260.00,50,3950
BANKNIFTY2281136400PE,07/28/2022,10:18:00,258.80,258.80,258.15,258.15,75,3950
BANKNIFTY2281136400PE,07/28/2022,10:20:00,256.65,256.65,256.65,256.65,25,3950
BANKNIFTY2281136400PE,07/28/2022,10:21:00,253.20,253.20,253.20,253.20,25,3950
BANKNIFTY2281136400PE,07/28/2022,10:23:00,251.80,251.80,251.80,251.80,150,3950
BANKNIFTY2281136400PE,07/28/2022,10:25:00,251.75,251.75,251.75,251.75,50,3850
BANKNIFTY2281136400PE,07/28/2022,10:27:00,250.00,250.00,250.00,250.00,75,3825
BANKNIFTY2281136400PE,07/28/2022,10:29:00,247.65,247.65,247.65,247.65,50,3850
BANKNIFTY2281136400PE,07/28/2022,10:31:00,247.65,247.65,247.65,247.65,50,3850
BANKNIFTY2281136400PE,07/28/2022,10:32:00,250.15,250.15,250.15,250.15,25,3850
BANKNIFTY2281136400PE,07/28/2022,10:33:00,249.85,249.85,249.85,249.85,25,3800
BANKNIFTY2281136400PE,07/28/2022,10:37:00,252.20,252.20,252.20,252.20,50,3800
BANKNIFTY2281136400PE,07/28/2022,10:47:00,250.40,250.40,250.40,250.40,25,3775
BANKNIFTY2281136400PE,07/28/2022,10:50:00,251.15,251.15,251.15,251.15,25,3800
BANKNIFTY2281136400PE,07/28/2022,10:54:00,259.90,259.90,259.50,259.50,75,3800
BANKNIFTY2281136400PE,07/28/2022,10:55:00,254.70,254.70,254.70,254.70,25,3800
BANKNIFTY2281136400PE,07/28/2022,10:56:00,255.70,255.70,255.70,255.70,25,3800
BANKNIFTY2281136400PE,07/28/2022,11:10:00,249.40,249.40,249.40,249.40,100,3850
BANKNIFTY2281136400PE,07/28/2022,11:19:00,252.55,252.55,252.55,252.55,25,3775
BANKNIFTY2281136400PE,07/28/2022,11:21:00,253.00,253.00,253.00,253.00,25,3750
BANKNIFTY2281136400PE,07/28/2022,11:24:00,254.00,254.00,254.00,254.00,25,3750
BANKNIFTY2281136400PE,07/28/2022,11:53:00,254.00,254.00,254.00,254.00,25,3775
BANKNIFTY2281136400PE,07/28/2022,12:09:00,241.85,241.85,241.85,241.85,25,3775
BANKNIFTY2281136400PE,07/28/2022,12:16:00,241.85,241.85,241.85,241.85,75,3775
BANKNIFTY2281136400PE,07/28/2022,12:26:00,242.45,242.45,242.45,242.45,50,3700
BANKNIFTY2281136400PE,07/28/2022,12:31:00,253.55,254.75,253.55,254.75,50,3725
BANKNIFTY2281136400PE,07/28/2022,12:33:00,248.00,248.00,248.00,248.00,25,3675
BANKNIFTY2281136400PE,07/28/2022,12:34:00,252.90,252.90,252.90,252.90,25,3675
BANKNIFTY2281136400PE,07/28/2022,12:35:00,254.75,254.75,254.75,254.75,100,3675
BANKNIFTY2281136400PE,07/28/2022,12:39:00,248.80,248.80,248.80,248.80,25,3700
BANKNIFTY2281136400PE,07/28/2022,12:42:00,251.25,251.25,251.25,251.25,25,3700
BANKNIFTY2281136400PE,07/28/2022,12:57:00,251.50,251.50,251.50,251.50,50,3700
BANKNIFTY2281136400PE,07/28/2022,12:58:00,253.35,253.35,253.35,253.35,25,3700
BANKNIFTY2281136400PE,07/28/2022,13:00:00,256.35,256.40,256.35,256.40,100,3675
BANKNIFTY2281136400PE,07/28/2022,13:01:00,256.35,256.35,256.35,256.35,25,3675
BANKNIFTY2281136400PE,07/28/2022,13:02:00,263.80,263.80,263.80,263.80,75,3675
BANKNIFTY2281136400PE,07/28/2022,13:03:00,260.00,260.00,260.00,260.00,25,3700
BANKNIFTY2281136400PE,07/28/2022,13:04:00,264.00,264.00,259.95,259.95,325,3700
BANKNIFTY2281136400PE,07/28/2022,13:05:00,259.00,259.00,259.00,259.00,25,3700
BANKNIFTY2281136400PE,07/28/2022,13:06:00,256.45,256.45,254.00,254.15,100,3525
BANKNIFTY2281136400PE,07/28/2022,13:07:00,247.60,247.60,247.60,247.60,25,3525
BANKNIFTY2281136400PE,07/28/2022,13:09:00,251.25,251.25,250.00,250.00,100,3550
BANKNIFTY2281136400PE,07/28/2022,13:10:00,250.00,250.00,250.00,250.00,150,3550
BANKNIFTY2281136400PE,07/28/2022,13:13:00,248.95,248.95,248.95,248.95,25,3600
BANKNIFTY2281136400PE,07/28/2022,13:19:00,252.25,252.25,252.25,252.25,25,3600
BANKNIFTY2281136400PE,07/28/2022,13:22:00,248.65,248.65,248.40,248.40,100,3600
BANKNIFTY2281136400PE,07/28/2022,13:24:00,240.55,240.55,240.55,240.55,50,3600
BANKNIFTY2281136400PE,07/28/2022,13:32:00,249.50,249.50,249.50,249.50,25,3625
BANKNIFTY2281136400PE,07/28/2022,13:34:00,246.50,246.50,246.50,246.50,25,3625
BANKNIFTY2281136400PE,07/28/2022,13:45:00,250.05,250.05,250.05,250.05,50,3650
BANKNIFTY2281136400PE,07/28/2022,13:50:00,245.00,245.00,244.05,244.05,300,3700
BANKNIFTY2281136400PE,07/28/2022,13:51:00,244.00,244.00,244.00,244.00,25,3700
BANKNIFTY2281136400PE,07/28/2022,13:52:00,243.90,243.90,243.90,243.90,25,3875
BANKNIFTY2281136400PE,07/28/2022,14:05:00,246.00,246.00,246.00,246.00,250,3900
BANKNIFTY2281136400PE,07/28/2022,14:07:00,246.20,246.20,246.20,246.20,50,3850
BANKNIFTY2281136400PE,07/28/2022,14:19:00,236.00,236.00,236.00,236.00,25,3875
BANKNIFTY2281136400PE,07/28/2022,14:22:00,233.55,233.55,233.55,233.55,25,3850
BANKNIFTY2281136400PE,07/28/2022,14:23:00,233.55,233.55,233.55,233.55,50,3850
BANKNIFTY2281136400PE,07/28/2022,14:34:00,234.00,234.00,234.00,234.00,250,3875
BANKNIFTY2281136400PE,07/28/2022,14:37:00,241.95,241.95,241.15,241.15,75,3900
BANKNIFTY2281136400PE,07/28/2022,14:39:00,239.20,239.20,239.20,239.20,25,3900
BANKNIFTY2281136400PE,07/28/2022,14:40:00,241.15,241.15,241.15,241.15,50,3950
BANKNIFTY2281136400PE,07/28/2022,14:41:00,241.15,249.40,241.15,249.40,400,3950
BANKNIFTY2281136400PE,07/28/2022,14:42:00,242.35,242.35,242.35,242.35,25,3975
BANKNIFTY2281136400PE,07/28/2022,14:43:00,243.35,243.35,243.35,243.35,50,3975
BANKNIFTY2281136400PE,07/28/2022,14:44:00,243.05,243.05,238.40,238.40,125,3975
BANKNIFTY2281136400PE,07/28/2022,14:45:00,242.90,246.40,242.90,246.40,225,3875
BANKNIFTY2281136400PE,07/28/2022,14:46:00,243.20,243.20,243.20,243.20,100,3875
BANKNIFTY2281136400PE,07/28/2022,14:47:00,245.35,247.50,245.35,245.70,200,3875
BANKNIFTY2281136400PE,07/28/2022,14:48:00,244.95,246.10,244.95,246.10,75,3775
BANKNIFTY2281136400PE,07/28/2022,14:49:00,243.80,243.80,243.80,243.80,50,3775
BANKNIFTY2281136400PE,07/28/2022,14:51:00,231.30,231.30,231.30,231.30,75,3775
BANKNIFTY2281136400PE,07/28/2022,14:52:00,242.50,242.50,242.50,242.50,50,3875
BANKNIFTY2281136400PE,07/28/2022,14:53:00,240.60,240.60,240.60,240.60,25,3875
BANKNIFTY2281136400PE,07/28/2022,14:57:00,241.25,241.25,241.25,241.25,25,3875
BANKNIFTY2281136400PE,07/28/2022,14:58:00,240.95,240.95,240.95,240.95,25,3875
BANKNIFTY2281136400PE,07/28/2022,14:59:00,240.00,240.00,240.00,240.00,25,3875
BANKNIFTY2281136400PE,07/28/2022,15:04:00,230.00,230.00,227.55,227.55,50,3875
BANKNIFTY2281136400PE,07/28/2022,15:06:00,224.80,224.80,224.80,224.80,25,3875
BANKNIFTY2281136400PE,07/28/2022,15:07:00,219.95,219.95,219.95,219.95,25,3825
BANKNIFTY2281136400PE,07/28/2022,15:09:00,217.90,217.90,217.90,217.90,50,3825
BANKNIFTY2281136400PE,07/28/2022,15:10:00,217.10,217.10,213.90,213.90,50,3825
BANKNIFTY2281136400PE,07/28/2022,15:12:00,213.90,213.90,213.90,213.90,25,3850
BANKNIFTY2281136400PE,07/28/2022,15:13:00,216.60,216.60,216.60,216.60,25,3850
BANKNIFTY2281136400PE,07/28/2022,15:14:00,212.55,212.55,212.55,212.55,25,3850
BANKNIFTY2281136400PE,07/28/2022,15:15:00,212.55,212.55,212.55,212.55,100,3850
BANKNIFTY2281136400PE,07/28/2022,15:17:00,210.00,210.00,210.00,210.00,250,3975
BANKNIFTY2281136400PE,07/28/2022,15:19:00,210.00,210.00,210.00,210.00,25,4000
BANKNIFTY2281136400PE,07/28/2022,15:20:00,208.00,208.00,208.00,208.00,25,4000
BANKNIFTY2281136400PE,07/28/2022,15:21:00,205.05,206.35,205.05,206.35,225,4025
BANKNIFTY2281136400PE,07/28/2022,15:22:00,203.60,203.60,203.60,203.60,25,4025
BANKNIFTY2281136400PE,07/28/2022,15:23:00,200.00,203.85,200.00,200.50,325,4025
BANKNIFTY2281136400PE,07/28/2022,15:24:00,204.60,204.60,201.50,201.50,50,4025
BANKNIFTY2281136400PE,07/28/2022,15:25:00,203.20,203.75,203.20,203.75,50,4125
BANKNIFTY2281136400PE,07/28/2022,15:27:00,208.65,208.80,208.65,208.80,100,4075
BANKNIFTY2281136400PE,07/28/2022,15:28:00,204.85,204.85,202.30,202.50,125,4075
BANKNIFTY2281136400PE,07/28/2022,15:29:00,205.45,205.80,204.65,204.65,75,4075
BANKNIFTY2281136400PE,07/29/2022,09:15:00,145.75,145.75,145.75,145.75,51,3925
BANKNIFTY2281136400PE,07/29/2022,09:16:00,145.35,145.35,145.00,145.00,100,3925
BANKNIFTY2281136400PE,07/29/2022,09:17:00,145.00,148.00,145.00,148.00,125,3850
BANKNIFTY2281136400PE,07/29/2022,09:18:00,144.20,146.60,144.20,145.95,450,3850
BANKNIFTY2281136400PE,07/29/2022,09:19:00,147.65,147.65,145.30,145.30,150,3850
BANKNIFTY2281136400PE,07/29/2022,09:20:00,146.10,146.10,146.10,146.10,25,3850
BANKNIFTY2281136400PE,07/29/2022,09:21:00,145.35,145.35,144.25,144.80,150,3850
BANKNIFTY2281136400PE,07/29/2022,09:22:00,145.10,146.40,144.00,144.05,650,3850
BANKNIFTY2281136400PE,07/29/2022,09:23:00,143.40,143.40,143.40,143.40,50,4300
BANKNIFTY2281136400PE,07/29/2022,09:24:00,144.05,144.05,144.00,144.00,75,4300
BANKNIFTY2281136400PE,07/29/2022,09:25:00,146.00,153.20,146.00,152.60,975,4300
BANKNIFTY2281136400PE,07/29/2022,09:26:00,155.10,155.10,155.10,155.10,25,4300
BANKNIFTY2281136400PE,07/29/2022,09:27:00,155.10,155.75,155.10,155.75,100,4025
BANKNIFTY2281136400PE,07/29/2022,09:28:00,155.40,161.35,155.40,161.35,175,4025
BANKNIFTY2281136400PE,07/29/2022,09:29:00,156.95,156.95,156.95,156.95,25,3900
BANKNIFTY2281136400PE,07/29/2022,09:30:00,158.55,158.55,158.55,158.55,25,3900
BANKNIFTY2281136400PE,07/29/2022,09:31:00,161.30,161.30,158.20,158.20,100,3900
BANKNIFTY2281136400PE,07/29/2022,09:32:00,155.00,155.00,150.00,151.80,1050,3850
BANKNIFTY2281136400PE,07/29/2022,09:33:00,152.90,152.90,151.45,151.45,125,3850
BANKNIFTY2281136400PE,07/29/2022,09:34:00,150.25,154.00,150.25,153.75,325,3850
BANKNIFTY2281136400PE,07/29/2022,09:35:00,155.35,155.35,154.00,154.00,50,4875
BANKNIFTY2281136400PE,07/29/2022,09:36:00,156.00,156.00,156.00,156.00,50,4875
BANKNIFTY2281136400PE,07/29/2022,09:37:00,156.40,156.40,150.10,150.10,125,4875
BANKNIFTY2281136400PE,07/29/2022,09:40:00,149.90,151.90,149.90,151.90,125,4875
BANKNIFTY2281136400PE,07/29/2022,09:42:00,152.00,152.00,152.00,152.00,25,4775
BANKNIFTY2281136400PE,07/29/2022,09:43:00,155.45,155.45,152.50,153.30,100,4775
BANKNIFTY2281136400PE,07/29/2022,09:44:00,154.40,154.40,154.40,154.40,100,4750
BANKNIFTY2281136400PE,07/29/2022,09:46:00,162.00,162.00,162.00,162.00,25,4750
BANKNIFTY2281136400PE,07/29/2022,09:47:00,162.00,164.25,162.00,164.25,125,4875
BANKNIFTY2281136400PE,07/29/2022,09:48:00,164.25,164.25,161.20,161.20,75,4875
BANKNIFTY2281136400PE,07/29/2022,09:49:00,161.20,161.70,161.20,161.70,125,4875
BANKNIFTY2281136400PE,07/29/2022,09:50:00,157.90,157.90,157.90,157.90,25,5000
BANKNIFTY2281136400PE,07/29/2022,09:51:00,155.10,155.10,153.00,153.00,50,5000
BANKNIFTY2281136400PE,07/29/2022,09:53:00,159.80,159.80,159.80,159.80,50,5000
BANKNIFTY2281136400PE,07/29/2022,09:54:00,160.00,160.00,160.00,160.00,25,4975
BANKNIFTY2281136400PE,07/29/2022,09:55:00,161.70,161.70,161.70,161.70,25,4975
BANKNIFTY2281136400PE,07/29/2022,09:57:00,162.05,162.05,160.10,160.10,150,5025
BANKNIFTY2281136400PE,07/29/2022,09:59:00,160.05,160.05,160.05,160.05,25,5075
BANKNIFTY2281136400PE,07/29/2022,10:00:00,157.85,158.20,157.85,158.20,225,5075
BANKNIFTY2281136400PE,07/29/2022,10:02:00,160.05,160.05,160.05,160.05,100,5075
BANKNIFTY2281136400PE,07/29/2022,10:03:00,160.70,160.70,160.70,160.70,25,5075
BANKNIFTY2281136400PE,07/29/2022,10:06:00,160.70,160.70,160.70,160.70,25,5100
BANKNIFTY2281136400PE,07/29/2022,10:07:00,159.30,164.00,159.30,164.00,175,5100
BANKNIFTY2281136400PE,07/29/2022,10:08:00,166.75,168.40,166.20,166.20,375,5375
BANKNIFTY2281136400PE,07/29/2022,10:09:00,171.00,171.00,171.00,171.00,50,5375
BANKNIFTY2281136400PE,07/29/2022,10:12:00,171.00,171.00,168.05,168.85,125,5350
BANKNIFTY2281136400PE,07/29/2022,10:13:00,170.35,170.35,167.50,167.50,75,5350
BANKNIFTY2281136400PE,07/29/2022,10:14:00,172.00,176.00,172.00,176.00,575,5325
BANKNIFTY2281136400PE,07/29/2022,10:15:00,176.40,176.40,170.30,170.30,225,5325
BANKNIFTY2281136400PE,07/29/2022,10:16:00,169.45,169.45,169.45,169.45,50,5325
BANKNIFTY2281136400PE,07/29/2022,10:17:00,169.00,170.20,169.00,169.00,125,5725
BANKNIFTY2281136400PE,07/29/2022,10:20:00,173.20,173.20,173.20,173.20,25,5750
BANKNIFTY2281136400PE,07/29/2022,10:21:00,176.00,179.25,176.00,179.25,200,5750
BANKNIFTY2281136400PE,07/29/2022,10:23:00,182.40,182.40,182.25,182.25,175,5750
BANKNIFTY2281136400PE,07/29/2022,10:24:00,183.15,186.00,183.15,186.00,75,5750
BANKNIFTY2281136400PE,07/29/2022,10:25:00,188.40,203.65,188.40,203.65,925,5750
BANKNIFTY2281136400PE,07/29/2022,10:26:00,206.30,206.30,199.85,201.30,150,5925
BANKNIFTY2281136400PE,07/29/2022,10:27:00,220.85,220.85,212.50,213.85,400,5925
BANKNIFTY2281136400PE,07/29/2022,10:28:00,204.90,204.90,204.00,204.00,175,5925
BANKNIFTY2281136400PE,07/29/2022,10:29:00,214.40,214.40,209.25,209.25,500,6150
BANKNIFTY2281136400PE,07/29/2022,10:31:00,210.20,211.75,210.20,211.75,75,6150
BANKNIFTY2281136400PE,07/29/2022,10:32:00,214.00,216.05,214.00,216.05,125,6225
BANKNIFTY2281136400PE,07/29/2022,10:33:00,215.15,215.50,215.15,215.50,50,6225
BANKNIFTY2281136400PE,07/29/2022,10:34:00,224.40,231.30,224.40,228.00,850,6225
BANKNIFTY2281136400PE,07/29/2022,10:35:00,225.95,231.50,223.85,229.70,475,6225
BANKNIFTY2281136400PE,07/29/2022,10:36:00,235.40,235.45,235.40,235.45,150,6225
BANKNIFTY2281136400PE,07/29/2022,10:37:00,235.45,235.45,227.50,227.50,225,6225
BANKNIFTY2281136400PE,07/29/2022,10:38:00,223.85,225.25,223.85,225.25,75,6225
BANKNIFTY2281136400PE,07/29/2022,10:39:00,224.45,227.55,224.45,227.55,100,6225
BANKNIFTY2281136400PE,07/29/2022,10:41:00,233.45,233.45,229.85,229.85,75,6175
BANKNIFTY2281136400PE,07/29/2022,10:42:00,229.55,230.00,229.55,230.00,50,6175
BANKNIFTY2281136400PE,07/29/2022,10:43:00,230.50,230.50,230.50,230.50,50,6175
BANKNIFTY2281136400PE,07/29/2022,10:45:00,219.55,221.90,219.55,220.20,75,6175
BANKNIFTY2281136400PE,07/29/2022,10:46:00,214.85,214.85,214.85,214.85,25,6175
BANKNIFTY2281136400PE,07/29/2022,10:47:00,207.05,207.05,207.00,207.05,175,6050
BANKNIFTY2281136400PE,07/29/2022,10:48:00,204.90,204.90,194.25,194.25,225,6050
BANKNIFTY2281136400PE,07/29/2022,10:50:00,191.30,191.30,191.30,191.30,25,6075
BANKNIFTY2281136400PE,07/29/2022,10:51:00,189.30,197.55,189.30,197.55,50,6075
BANKNIFTY2281136400PE,07/29/2022,10:52:00,198.30,198.30,198.30,198.30,25,6075
BANKNIFTY2281136400PE,07/29/2022,10:53:00,197.55,197.55,197.40,197.40,50,6075
BANKNIFTY2281136400PE,07/29/2022,10:54:00,189.25,189.25,189.25,189.25,25,6100
BANKNIFTY2281136400PE,07/29/2022,10:56:00,193.65,193.65,193.65,193.65,25,6100
BANKNIFTY2281136400PE,07/29/2022,10:57:00,190.00,190.90,190.00,190.90,75,6075
BANKNIFTY2281136400PE,07/29/2022,10:58:00,193.70,193.70,193.70,193.70,25,6075
BANKNIFTY2281136400PE,07/29/2022,10:59:00,201.75,203.75,201.75,202.95,100,6150
BANKNIFTY2281136400PE,07/29/2022,11:00:00,203.75,212.10,203.75,212.10,225,6150
BANKNIFTY2281136400PE,07/29/2022,11:01:00,209.20,209.20,205.65,208.25,100,6150
BANKNIFTY2281136400PE,07/29/2022,11:02:00,207.00,207.00,202.00,202.00,100,6150
BANKNIFTY2281136400PE,07/29/2022,11:04:00,196.50,196.50,196.50,196.50,25,6000
BANKNIFTY2281136400PE,07/29/2022,11:05:00,200.00,200.00,200.00,200.00,50,6000
BANKNIFTY2281136400PE,07/29/2022,11:06:00,200.60,200.60,190.00,190.00,550,5975
BANKNIFTY2281136400PE,07/29/2022,11:07:00,190.10,190.10,179.55,179.55,1050,5975
BANKNIFTY2281136400PE,07/29/2022,11:08:00,181.45,182.40,180.50,182.40,900,8100
BANKNIFTY2281136400PE,07/29/2022,11:09:00,182.00,182.00,175.00,175.00,400,8100
BANKNIFTY2281136400PE,07/29/2022,11:10:00,173.65,174.40,173.65,174.40,50,8100
BANKNIFTY2281136400PE,07/29/2022,11:11:00,175.00,175.00,175.00,175.00,100,8100
BANKNIFTY2281136400PE,07/29/2022,11:12:00,172.65,172.65,169.40,169.40,75,8275
BANKNIFTY2281136400PE,07/29/2022,11:13:00,170.50,170.50,169.80,169.80,50,8275
BANKNIFTY2281136400PE,07/29/2022,11:15:00,176.40,176.40,176.40,176.40,100,8325
BANKNIFTY2281136400PE,07/29/2022,11:16:00,178.60,178.60,178.60,178.60,25,8325
BANKNIFTY2281136400PE,07/29/2022,11:18:00,179.55,179.55,178.75,178.75,50,8425
BANKNIFTY2281136400PE,07/29/2022,11:19:00,182.40,182.40,182.40,182.40,25,8425
BANKNIFTY2281136400PE,07/29/2022,11:20:00,186.15,187.50,186.15,187.50,50,8450
BANKNIFTY2281136400PE,07/29/2022,11:23:00,186.85,189.80,186.85,189.80,75,8425
BANKNIFTY2281136400PE,07/29/2022,11:24:00,188.40,188.40,188.40,188.40,25,8425
BANKNIFTY2281136400PE,07/29/2022,11:26:00,184.35,184.35,182.00,182.35,75,8425
BANKNIFTY2281136400PE,07/29/2022,11:27:00,181.55,181.55,177.80,177.80,125,8425
BANKNIFTY2281136400PE,07/29/2022,11:29:00,178.35,178.35,178.35,178.35,25,8425
BANKNIFTY2281136400PE,07/29/2022,11:30:00,174.95,175.00,174.95,175.00,100,8475
BANKNIFTY2281136400PE,07/29/2022,11:31:00,176.55,176.55,176.55,176.55,25,8475
BANKNIFTY2281136400PE,07/29/2022,11:32:00,174.10,174.10,171.55,171.55,175,8575
BANKNIFTY2281136400PE,07/29/2022,11:33:00,171.20,171.20,170.40,170.40,225,8575
BANKNIFTY2281136400PE,07/29/2022,11:34:00,169.10,169.10,169.10,169.10,50,8575
BANKNIFTY2281136400PE,07/29/2022,11:35:00,172.00,172.00,169.45,169.45,1150,8550
BANKNIFTY2281136400PE,07/29/2022,11:36:00,171.55,171.55,171.55,171.55,250,8550
BANKNIFTY2281136400PE,07/29/2022,11:37:00,173.00,173.00,173.00,173.00,50,8550
BANKNIFTY2281136400PE,07/29/2022,11:38:00,172.95,174.65,171.45,171.45,950,9675
BANKNIFTY2281136400PE,07/29/2022,11:39:00,172.40,172.40,167.80,167.80,50,9675
BANKNIFTY2281136400PE,07/29/2022,11:40:00,166.95,170.55,166.95,168.75,1600,9675
BANKNIFTY2281136400PE,07/29/2022,11:41:00,173.55,173.55,172.05,172.05,250,11400
BANKNIFTY2281136400PE,07/29/2022,11:42:00,172.90,174.05,172.90,173.65,750,11400
BANKNIFTY2281136400PE,07/29/2022,11:43:00,172.65,172.65,172.05,172.25,225,11400
BANKNIFTY2281136400PE,07/29/2022,11:44:00,174.00,174.00,172.70,172.70,250,12025
BANKNIFTY2281136400PE,07/29/2022,11:45:00,170.20,170.20,168.35,168.35,50,12025
BANKNIFTY2281136400PE,07/29/2022,11:49:00,175.65,175.65,175.65,175.65,25,12050
BANKNIFTY2281136400PE,07/29/2022,11:51:00,171.95,171.95,171.95,171.95,250,12050
BANKNIFTY2281136400PE,07/29/2022,11:54:00,182.65,182.65,182.50,182.50,50,12100
BANKNIFTY2281136400PE,07/29/2022,11:59:00,170.10,170.10,170.10,170.10,25,12075
BANKNIFTY2281136400PE,07/29/2022,12:01:00,169.40,169.40,169.40,169.40,25,12075
BANKNIFTY2281136400PE,07/29/2022,12:02:00,170.70,170.70,170.70,170.70,25,12075
BANKNIFTY2281136400PE,07/29/2022,12:03:00,171.20,171.20,171.20,171.20,25,12075
BANKNIFTY2281136400PE,07/29/2022,12:05:00,166.00,166.00,166.00,166.00,25,12075
BANKNIFTY2281136400PE,07/29/2022,12:08:00,170.75,170.75,170.75,170.75,50,12100
BANKNIFTY2281136400PE,07/29/2022,12:10:00,170.75,170.75,170.75,170.75,25,12100
BANKNIFTY2281136400PE,07/29/2022,12:11:00,160.60,160.60,156.60,156.60,50,12150
BANKNIFTY2281136400PE,07/29/2022,12:14:00,161.30,161.30,159.95,159.95,50,12100
BANKNIFTY2281136400PE,07/29/2022,12:15:00,159.95,159.95,159.95,159.95,50,12100
BANKNIFTY2281136400PE,07/29/2022,12:16:00,161.40,161.40,161.40,161.40,50,12100
BANKNIFTY2281136400PE,07/29/2022,12:17:00,156.85,157.00,156.85,157.00,75,12100
BANKNIFTY2281136400PE,07/29/2022,12:18:00,161.80,161.80,161.80,161.80,25,12150
BANKNIFTY2281136400PE,07/29/2022,12:20:00,160.00,161.80,160.00,160.55,375,12150
BANKNIFTY2281136400PE,07/29/2022,12:21:00,159.45,159.45,159.45,159.45,100,12275
BANKNIFTY2281136400PE,07/29/2022,12:22:00,161.80,161.80,160.45,161.50,150,12275
BANKNIFTY2281136400PE,07/29/2022,12:23:00,163.65,163.65,163.65,163.65,25,12275
BANKNIFTY2281136400PE,07/29/2022,12:24:00,160.60,160.60,159.05,159.05,75,12375
BANKNIFTY2281136400PE,07/29/2022,12:26:00,163.55,167.65,163.55,167.65,100,12425
BANKNIFTY2281136400PE,07/29/2022,12:28:00,164.75,164.75,164.75,164.75,25,12425
BANKNIFTY2281136400PE,07/29/2022,12:29:00,163.00,163.00,159.80,159.80,100,12500
BANKNIFTY2281136400PE,07/29/2022,12:32:00,166.00,166.00,166.00,166.00,175,12500
BANKNIFTY2281136400PE,07/29/2022,12:33:00,169.10,169.10,169.10,169.10,25,12500
BANKNIFTY2281136400PE,07/29/2022,12:34:00,168.35,172.40,168.35,172.40,75,12500
BANKNIFTY2281136400PE,07/29/2022,12:35:00,175.50,175.50,172.95,172.95,100,12500
BANKNIFTY2281136400PE,07/29/2022,12:36:00,171.10,171.10,171.10,171.10,175,12500
BANKNIFTY2281136400PE,07/29/2022,12:38:00,170.30,172.55,170.30,172.55,150,12375
BANKNIFTY2281136400PE,07/29/2022,12:40:00,171.65,171.65,171.20,171.20,50,12375
BANKNIFTY2281136400PE,07/29/2022,12:41:00,170.85,170.85,170.85,170.85,25,12375
BANKNIFTY2281136400PE,07/29/2022,12:43:00,167.75,172.00,167.75,172.00,300,12325
BANKNIFTY2281136400PE,07/29/2022,12:44:00,169.65,171.15,169.65,171.15,75,12325
BANKNIFTY2281136400PE,07/29/2022,12:45:00,169.55,169.55,169.15,169.15,50,12400
BANKNIFTY2281136400PE,07/29/2022,12:46:00,165.80,167.70,165.80,166.10,2575,12400
BANKNIFTY2281136400PE,07/29/2022,12:48:00,160.30,162.65,160.30,162.65,1250,14950
BANKNIFTY2281136400PE,07/29/2022,12:49:00,162.35,163.40,162.35,162.80,175,14950
BANKNIFTY2281136400PE,07/29/2022,12:50:00,161.00,161.00,156.50,156.50,150,14950
BANKNIFTY2281136400PE,07/29/2022,12:51:00,159.95,159.95,159.95,159.95,25,16175
BANKNIFTY2281136400PE,07/29/2022,12:52:00,160.80,160.80,160.80,160.80,25,16175
BANKNIFTY2281136400PE,07/29/2022,12:53:00,159.65,161.50,159.65,161.50,100,16175
BANKNIFTY2281136400PE,07/29/2022,12:54:00,160.30,161.75,160.30,161.75,75,16175
BANKNIFTY2281136400PE,07/29/2022,12:55:00,160.80,161.00,160.80,160.85,75,16175
BANKNIFTY2281136400PE,07/29/2022,12:56:00,159.95,159.95,159.95,159.95,25,16225
BANKNIFTY2281136400PE,07/29/2022,12:57:00,159.65,160.65,159.65,160.55,100,16225
BANKNIFTY2281136400PE,07/29/2022,12:58:00,161.85,162.85,161.85,162.45,100,16225
BANKNIFTY2281136400PE,07/29/2022,12:59:00,164.05,164.05,164.05,164.05,25,16225
BANKNIFTY2281136400PE,07/29/2022,13:00:00,164.60,164.60,161.85,161.85,150,16225
BANKNIFTY2281136400PE,07/29/2022,13:01:00,163.40,166.55,163.40,166.05,350,16225
BANKNIFTY2281136400PE,07/29/2022,13:02:00,166.40,167.70,166.10,166.10,100,16225
BANKNIFTY2281136400PE,07/29/2022,13:03:00,165.40,168.70,165.30,168.70,225,16200
BANKNIFTY2281136400PE,07/29/2022,13:04:00,166.25,166.65,166.25,166.65,50,16200
BANKNIFTY2281136400PE,07/29/2022,13:05:00,164.75,164.75,164.75,164.75,100,16200
BANKNIFTY2281136400PE,07/29/2022,13:10:00,165.45,165.85,162.60,162.60,150,16375
BANKNIFTY2281136400PE,07/29/2022,13:11:00,165.00,165.00,161.00,161.00,125,16375
BANKNIFTY2281136400PE,07/29/2022,13:13:00,166.20,173.90,166.20,171.65,275,16375
BANKNIFTY2281136400PE,07/29/2022,13:14:00,167.25,167.35,162.95,162.95,175,16375
BANKNIFTY2281136400PE,07/29/2022,13:19:00,164.25,164.25,164.25,164.25,25,16575
BANKNIFTY2281136400PE,07/29/2022,13:22:00,162.65,162.65,162.65,162.65,25,16575
BANKNIFTY2281136400PE,07/29/2022,13:24:00,164.60,165.00,164.60,165.00,125,16575
BANKNIFTY2281136400PE,07/29/2022,13:25:00,165.35,167.40,165.30,165.30,125,16575
BANKNIFTY2281136400PE,07/29/2022,13:26:00,164.80,164.80,164.80,164.80,25,16575
BANKNIFTY2281136400PE,07/29/2022,13:28:00,163.60,163.60,160.00,160.00,350,16750
BANKNIFTY2281136400PE,07/29/2022,13:29:00,163.10,163.10,162.65,162.80,100,16750
BANKNIFTY2281136400PE,07/29/2022,13:30:00,163.25,163.25,162.20,162.20,50,17150
BANKNIFTY2281136400PE,07/29/2022,13:31:00,163.45,163.80,160.30,161.50,400,17150
BANKNIFTY2281136400PE,07/29/2022,13:32:00,162.95,162.95,162.95,162.95,25,17150
BANKNIFTY2281136400PE,07/29/2022,13:33:00,161.50,163.00,161.05,162.80,375,17375
BANKNIFTY2281136400PE,07/29/2022,13:34:00,163.00,166.30,163.00,165.90,275,17375
BANKNIFTY2281136400PE,07/29/2022,13:35:00,166.05,172.35,166.05,172.35,75,17450
BANKNIFTY2281136400PE,07/29/2022,13:36:00,169.10,182.25,169.10,182.25,150,17450
BANKNIFTY2281136400PE,07/29/2022,13:37:00,180.55,180.55,178.20,178.40,400,17450
BANKNIFTY2281136400PE,07/29/2022,13:38:00,180.25,182.20,179.30,179.30,450,17450
BANKNIFTY2281136400PE,07/29/2022,13:39:00,175.20,176.90,175.20,176.10,225,17875
BANKNIFTY2281136400PE,07/29/2022,13:40:00,177.25,177.25,175.65,176.80,250,17875
BANKNIFTY2281136400PE,07/29/2022,13:41:00,180.30,180.30,178.20,178.20,100,17875
BANKNIFTY2281136400PE,07/29/2022,13:43:00,181.00,181.15,181.00,181.15,50,17975
BANKNIFTY2281136400PE,07/29/2022,13:44:00,179.35,179.35,178.85,178.85,50,17975
BANKNIFTY2281136400PE,07/29/2022,13:45:00,185.90,187.85,183.55,186.05,325,17950
BANKNIFTY2281136400PE,07/29/2022,13:47:00,180.05,180.05,180.00,180.00,75,17950
BANKNIFTY2281136400PE,07/29/2022,13:51:00,179.30,179.30,179.30,179.30,25,18075
BANKNIFTY2281136400PE,07/29/2022,13:52:00,179.45,179.45,179.45,179.45,25,18075
BANKNIFTY2281136400PE,07/29/2022,13:55:00,177.70,177.70,177.30,177.30,50,18075
BANKNIFTY2281136400PE,07/29/2022,13:56:00,174.35,174.35,173.20,173.20,375,18075
BANKNIFTY2281136400PE,07/29/2022,13:57:00,174.90,174.90,172.60,172.60,50,18300
BANKNIFTY2281136400PE,07/29/2022,13:58:00,176.70,176.70,176.70,176.70,25,18300
BANKNIFTY2281136400PE,07/29/2022,14:01:00,168.75,174.45,168.75,174.45,100,18275
BANKNIFTY2281136400PE,07/29/2022,14:02:00,175.95,175.95,175.40,175.40,50,18275
BANKNIFTY2281136400PE,07/29/2022,14:03:00,181.05,183.90,180.35,183.90,125,18250
BANKNIFTY2281136400PE,07/29/2022,14:04:00,187.10,189.55,187.10,189.55,225,18250
BANKNIFTY2281136400PE,07/29/2022,14:05:00,188.70,189.80,183.90,187.65,125,18250
BANKNIFTY2281136400PE,07/29/2022,14:06:00,191.65,193.05,190.85,190.85,150,18150
BANKNIFTY2281136400PE,07/29/2022,14:07:00,190.10,190.10,184.75,184.75,150,18150
BANKNIFTY2281136400PE,07/29/2022,14:08:00,183.05,183.05,180.65,181.90,100,18150
BANKNIFTY2281136400PE,07/29/2022,14:09:00,186.20,186.20,186.20,186.20,25,18150
BANKNIFTY2281136400PE,07/29/2022,14:10:00,187.55,187.55,187.55,187.55,25,18175
BANKNIFTY2281136400PE,07/29/2022,14:12:00,187.00,187.00,187.00,187.00,125,18150
BANKNIFTY2281136400PE,07/29/2022,14:13:00,188.60,190.10,188.60,190.10,75,18150
BANKNIFTY2281136400PE,07/29/2022,14:14:00,184.00,184.65,176.35,179.10,450,18150
BANKNIFTY2281136400PE,07/29/2022,14:15:00,189.75,194.45,189.75,194.45,275,17825
BANKNIFTY2281136400PE,07/29/2022,14:16:00,192.60,192.60,188.85,188.85,75,17825
BANKNIFTY2281136400PE,07/29/2022,14:17:00,188.05,190.10,188.05,189.20,475,17825
BANKNIFTY2281136400PE,07/29/2022,14:19:00,189.00,190.70,189.00,190.70,150,17675
BANKNIFTY2281136400PE,07/29/2022,14:20:00,189.65,189.65,186.55,186.55,100,17675
BANKNIFTY2281136400PE,07/29/2022,14:21:00,189.05,189.05,189.05,189.05,25,17675
BANKNIFTY2281136400PE,07/29/2022,14:22:00,182.05,183.95,182.05,183.95,50,17675
BANKNIFTY2281136400PE,07/29/2022,14:23:00,185.55,185.55,185.55,185.55,75,17675
BANKNIFTY2281136400PE,07/29/2022,14:25:00,180.40,182.00,180.40,182.00,200,17625
BANKNIFTY2281136400PE,07/29/2022,14:26:00,180.80,180.80,177.85,180.00,75,17625
BANKNIFTY2281136400PE,07/29/2022,14:29:00,174.10,174.10,174.10,174.10,50,17600
BANKNIFTY2281136400PE,07/29/2022,14:30:00,176.75,176.75,176.75,176.75,50,17600
BANKNIFTY2281136400PE,07/29/2022,14:31:00,172.95,172.95,172.95,172.95,125,17600
BANKNIFTY2281136400PE,07/29/2022,14:33:00,180.50,180.50,177.50,177.50,50,17575
BANKNIFTY2281136400PE,07/29/2022,14:34:00,176.90,176.90,176.90,176.90,100,17575
BANKNIFTY2281136400PE,07/29/2022,14:35:00,173.60,176.20,172.90,176.20,450,17575
BANKNIFTY2281136400PE,07/29/2022,14:36:00,177.65,179.10,177.65,179.10,50,17525
BANKNIFTY2281136400PE,07/29/2022,14:37:00,177.15,177.35,177.15,177.35,50,17525
BANKNIFTY2281136400PE,07/29/2022,14:38:00,176.50,179.35,176.50,179.35,100,17525
BANKNIFTY2281136400PE,07/29/2022,14:39:00,179.00,179.00,179.00,179.00,125,17425
BANKNIFTY2281136400PE,07/29/2022,14:40:00,183.25,183.25,181.60,182.50,75,17425
BANKNIFTY2281136400PE,07/29/2022,14:41:00,184.00,184.25,183.40,184.25,225,17425
BANKNIFTY2281136400PE,07/29/2022,14:42:00,186.20,186.20,185.35,185.35,75,17325
BANKNIFTY2281136400PE,07/29/2022,14:43:00,183.20,183.20,180.20,180.45,275,17325
BANKNIFTY2281136400PE,07/29/2022,14:44:00,179.85,179.85,174.85,174.85,50,17325
BANKNIFTY2281136400PE,07/29/2022,14:45:00,169.15,175.20,169.15,175.20,125,17400
BANKNIFTY2281136400PE,07/29/2022,14:46:00,176.20,180.75,176.20,180.10,175,17400
BANKNIFTY2281136400PE,07/29/2022,14:47:00,178.80,180.05,178.80,180.05,50,17400
BANKNIFTY2281136400PE,07/29/2022,14:49:00,181.20,181.20,181.20,181.20,25,17400
BANKNIFTY2281136400PE,07/29/2022,14:51:00,183.20,185.45,183.20,185.45,75,17400
BANKNIFTY2281136400PE,07/29/2022,14:52:00,185.60,186.45,185.60,186.45,50,17400
BANKNIFTY2281136400PE,07/29/2022,14:53:00,183.00,183.00,180.90,180.90,50,17400
BANKNIFTY2281136400PE,07/29/2022,14:54:00,175.90,177.15,175.90,177.15,50,17400
BANKNIFTY2281136400PE,07/29/2022,14:56:00,176.00,177.10,176.00,177.10,100,17400
BANKNIFTY2281136400PE,07/29/2022,14:58:00,175.70,175.70,174.50,174.50,75,17350
BANKNIFTY2281136400PE,07/29/2022,14:59:00,172.15,172.30,171.70,171.85,100,17350
BANKNIFTY2281136400PE,07/29/2022,15:00:00,172.50,172.50,168.00,168.00,175,17400
BANKNIFTY2281136400PE,07/29/2022,15:01:00,164.30,166.30,164.20,164.20,250,17400
BANKNIFTY2281136400PE,07/29/2022,15:02:00,164.50,164.50,164.15,164.15,50,17400
BANKNIFTY2281136400PE,07/29/2022,15:03:00,165.35,165.35,165.35,165.35,150,17475
BANKNIFTY2281136400PE,07/29/2022,15:04:00,162.10,162.10,162.10,162.10,25,17475
BANKNIFTY2281136400PE,07/29/2022,15:07:00,164.70,164.70,164.70,164.70,25,17450
BANKNIFTY2281136400PE,07/29/2022,15:08:00,167.60,167.95,164.60,164.60,425,17450
BANKNIFTY2281136400PE,07/29/2022,15:09:00,166.30,166.55,166.30,166.55,75,17500
BANKNIFTY2281136400PE,07/29/2022,15:10:00,166.00,166.00,163.40,163.85,325,17500
BANKNIFTY2281136400PE,07/29/2022,15:11:00,162.85,162.85,160.15,160.15,900,17500
BANKNIFTY2281136400PE,07/29/2022,15:12:00,160.00,160.00,156.05,156.50,450,17300
BANKNIFTY2281136400PE,07/29/2022,15:13:00,155.60,156.90,154.60,156.90,250,17300
BANKNIFTY2281136400PE,07/29/2022,15:14:00,155.70,155.70,155.70,155.70,25,17300
BANKNIFTY2281136400PE,07/29/2022,15:16:00,153.15,157.10,153.15,157.10,275,16750
BANKNIFTY2281136400PE,07/29/2022,15:17:00,155.95,155.95,155.95,155.95,25,16750
BANKNIFTY2281136400PE,07/29/2022,15:18:00,156.35,156.35,156.35,156.35,25,16750
BANKNIFTY2281136400PE,07/29/2022,15:19:00,154.15,154.60,147.95,148.35,1150,16675
BANKNIFTY2281136400PE,07/29/2022,15:20:00,148.35,151.40,148.35,149.35,1575,16675
BANKNIFTY2281136400PE,07/29/2022,15:21:00,149.65,151.65,149.65,150.00,825,16100
BANKNIFTY2281136400PE,07/29/2022,15:22:00,150.40,150.40,150.40,150.40,50,16100
BANKNIFTY2281136400PE,07/29/2022,15:23:00,153.25,154.40,153.25,153.60,150,16100
BANKNIFTY2281136400PE,07/29/2022,15:24:00,153.20,153.20,152.05,152.05,175,15900
BANKNIFTY2281136400PE,07/29/2022,15:25:00,152.90,154.55,152.10,154.55,425,15900
BANKNIFTY2281136400PE,07/29/2022,15:26:00,152.20,153.00,152.20,153.00,500,15900
BANKNIFTY2281136400PE,07/29/2022,15:27:00,154.95,156.90,154.95,156.90,275,15850
BANKNIFTY2281136400PE,07/29/2022,15:28:00,156.00,157.75,155.55,155.55,200,15850
BANKNIFTY2281136400PE,07/29/2022,15:29:00,155.55,160.55,155.55,160.55,275,15850
BANKNIFTY2281136400PE,07/29/2022,15:30:00,145.20,145.20,145.20,145.20,25,15850
